341601431
45163712
1865188391
-48807997
1393625655
-353900559
-1779687748
-343987492
-191995665
-735478169
87865565
-1626556836
1313589557
788058192
730831479
-762424368
-1955292950
1512671267
489120003
-322890202
1346347559
-1615518699
1466869225
568549946
-260482501
-62182702
-156752093
1130992816
-472191756
-1637648535
-572107231
-1594445565
-1146568675
-1701523321
-944606996
-1521979938
1001859912
811679463
1906936206
82260650
1973184461
-137570552
-1999102032
-2006984088
1002634514
875227681
-33345405
-237613120
-746574580
1322832466
1922556131
-1021487528
495330564
-1805857253
1592337850
-546237079
591525534
-623730927
-353038686
532101008
36805910
-789127218
-1704880434
-83840031
-63008051
-1531099863
1828397097
-1137273790
971881220
913129126
-587400001
1385975029
-1057119258
-1660704208
-972117412
1650948470
-1005034293
-1051750651
828810354
-1370090874
-1093755718
-500493327
-550637505
1881764231
-1872407248
-57596738
692963119
2105390346
-1067922145
425949930
713229182
-1109763418
1427271737
532413850
1948857121
659694091
-1200587155
-387994418
-1209436954
768970070
1654794161
1368951766
-1365802023
-541289819
-1027399678
-148947195
-448162582
893473518
-1177686104
991187107
-1956779316
-638653940
405570494
1301565735
-1712634849
-1146835942
-861748495
91309733
-716732464
1409246212
-1127798136
-1605427323
-31304768
603940698
-1074153565
1980243061
-1352183389
2145096551
-1643536185
-946248288
-1426688470
794724226
-1229020263
422002463
-411136412
-1087590237
-1887245591
-1414819664
1604894561
-1373177287
-1397305102
1423488165
613014552
17250361
352846303
-35274210
1698215306
-1567580550
-1430666607
-879180166
968280358
1367333183
828661663
1580638730
-364187281
-1945396459
-1433532258
-1371046905
-331088676
-729828385
-2132829279
-157679162
-871149826
277480751
1423713539
2078205225
151908328
1987176406
-1087760541
702107224
1931783626
501733054
-538345489
884487345
-1127598881
-1767607562
2021833445
-1376267524
-1521991287
-353684210
-1173525417
912894691
-1070378823
-797548636
237486382
1307888544
1874752148
-191428802
1460812912
-863547401
262611795
-777174182
1717867717
-1714600089
-1752478102
835312836
1811179062
30441116
-1812340756
-578024154
-1731281864
-18359513
1336969261
1013130213
548517865
1687436912
1484756392
897917994
-1484532072
508830698
1333201187
476622910
1142594699
1079406217
-1467070448
564254234
-562386949
-1182262927
-987098826
-1226403522
1507291235
1174388719
-1258645616
-1141303871
-1036438023
965030060
199616373
-1618790231
1863574908
-1155366881
810613240
-204502660
-1887308752
-1483780541
2103188113
822210838
-25003994
270414730
-1496481028
1983572413
768213185
-371226352
850350433
1580049522
-794168460
741081107
894713012
1264758665
512389328
972864675
164146014
-1578765700
-1313929795
-711071851
-1460924388
12063483
1673440519
363064253
-825708249
-766994618
168551708
1541067355
-25281131
700406207
-1876828653
1584034517
-76163842
1613832634
-471333904
266430886
-1327733406
-633047657
872245542
-142341482
415925066
-1182205421
-1425943204
660324907
1095704620
2115302106
-1583711116
-195650977
1896137491
438417504
22847944
1569576594
-315676801
463025904
-1800885322
1439029953
1792632457
336841476
1462004574
78172664
-1857352117
-1612247337
-1607754582
1734395909
-1733506178
2111532344
-1871060338
1095576174
1377536355
1277660577
1723974544
148563108
1089678311
1101917576
-401053046
-649753737
-1106753535
-1117111564
-1990840402
-1820636212
-417694114
-1094630318
1778920907
1438945422
-985703360
1363120520
-393254962
-1771334686
648013475
176159306
-707902838
951013278
283194273
-625685075
1301108411
1477476603
70432279
1692622585
1942806344
-1413565560
-108847225
-1265955902
-825735224
-438925471
-1291387841
-1603399879
1841667910
1602332321
-1689621061
1053013695
1310913352
2132549140
-1363564729
327207867
-2035296498
1200229681
1277300968
-1092860244
1031904023
1394860358
-194497412
-435970175
-1571489560
-2142334988
114088224
1800621864
1870149391
-583498530
400421073
865949284
1768229222
-225757539
869678165
609279459
434221460
-1519610122
-336017061
-2014100593
2062885849
925553231
-1750880543
-57923293
1483879433
-811593123
2007477205
-1347725310
144314072
-704432094
321424383
1053331011
1838580569
-1380597482
-81496291
-1238726384
1854988480
955141028
1392414287
226746416
-1204654993
2099408599
-615810123
759793377
1437053999
-1811293867
2128926806
330302955
-720355139
-1824527477
1664257091
-1988508943
819489929
-1826078423
2045218043
-23992055
-1424792903
2131615185
1851891217
1913964175
1959234163
-742657782
1236400140
-1574980554
830464604
306865530
944699789
1657788767
-1147596709
298299220
-909293897
-1166515795
-1746327135
-687043058
-1073677622
-527566888
600667885
1973269847
-439496687
911120834
395950348
843747656
1761042942
-787867193
-1659326049
-1619551783
867233170
-681516712
512095264
1458956694
-994167806
974375114
-2107292890
-449770607
-303209577
-1084680085
-1273233944
949433498
-1161024811
-900200746
-730504705
-1246798931
-84387361
816662664
-259873425
-543955541
-1769032167
317752498
-1529598745
1019205709
-431954929
1683735376
521757256
-595081131
-574256235
1177757818
-989270173
829880069
1826888238
-694382343
-1387568889
459035349
865060785
-1518607332
-1707182534
811224927
-2036612823
-706597172
1460117445
34064542
-154362371
-2064983074
164656117
568288599
-1582726320
1891868072
443554464
-1709298474
-1129211478
-246358826
-814680730
-183942179
515946711
413778046
1553074232
2141062361
1119383055
-1849416847
836232734
1697572695
-131022762
1884949203
1362699828
1923279541
-179939547
1402434029
-147938059
-1724614628
-439228598
-960987327
674239931
-1259868243
-1297151476
-861047074
-1364612986
700536058
1031201426
-1352991243
-1166030853
-817639753
74790276
90342317
-519949392
-2093158992
1172625138
63431475
1920989862
-158798082
-1561685387
-2004446444
2109872662
-1482920587
-1332481645
1501165006
-238369680
175322720
-1181645721
757178275
-409758560
189478255
1958383745
-1576819280
-2006634094
344828912
216156682
184306238
1443309048
-1481103555
1415904044
1005296216
-391188406
1077537397
-732578384
1881591965
-545157362
1699856238
-358896920
874287447
-1544876711
-2143067414
-707287602
2063094731
1648612245
-1376059384
1071260525
-654144302
-478953341
2041081596
302159231
826306216
-1346417021
1346579202
-2007475369
162484739
-2098509549
-696044657
449273089
-1968890777
-777529707
-622179127
-571951962
-593479752
670816852
-683912391
6425141
-379130096
-59379000
1065129663
2104264000
1392461011
880318489
-747540283
-1698793181
-368732673
-951378207
-636581449
1310797675
-830890296
2012324662
1597604274
-676432780
1199486051
-1922424858
-211554181
1061669459
-385529822
1443706372
-189730638
-1600952842
-819918912
1907714211
1913367110
1458133642
523251454
-1355296543
1425510443
-597846244
70114926
1491439143
-1237695157
582589058
1993509773
964523694
1326079161
218300795
549641751
1399442500
-1955763924
-1705356523
-314667369
530446671
1042485162
164605775
-1765402051
1545902610
-1306390141
1753302014
21454835
-1397860818
1552384384
1647422452
281967281
91639404
-1020815268
-20800418
515468560
-2099699015
-84747149
115508333
943878685
-1438133135
358191289
-838728905
169740144
1544554720
-939352339
-242198560
858195068
-49844220
-573935347
2076979188
-1394322649
-1681894504
-1773048308
-1519880169
-514253412
1523159629
-106361406
-216329504
-884374176
148671322
2066331683
-1926915584
1579890595
486522423
-1335172173
-1119449686
1050309336
-540204380
-1292228807
1837340207
815878535
1081572592
1141191346
639876071
1202220641
203043447
1945494408
1564129623
-507169387
479421035
1413408771
1284819856
1854633825
-1042266409
-1165318657
-169564971
1707937771
-1846533663
-245016353
1728800128
772520016
-547210417
647404225
-1150501083
-502377219
199733835
-1175597837
834643447
1514951998
2001348458
864555940
166605930
-554239980
-324762902
-2050107170
-1298291430
-879654326
-1536468165
1892747955
874612458
-494472758
2142683072
-241923914
1026264944
1463556652
1343712214
-480742227
-558125168
-989587825
1532864020
-1836164476
-420852122
-1974203220
-463974444
1674797955
258002537
-824034009
754378994
-1132590909
1794293964
-365118168
-73298989
-1590691618
-670274777
-736512726
1229333929
-2001459995
-774798506
-1184089838
-3510540
1769744534
34686369
241569155
-41523125
1032815054
283330845
1598025328
1382244187
-17675460
-1642940847
1831283442
-1971863504
1286630999
984859675
-1689736613
146290355
-1978302319
-392585516
1860087434
-421862285
-580337716
-937353806
-1649940608
2115088039
755491341
-2061047186
1568910387
-485693325
1077062766
-129630426
-145199966
-16261782
-679180967
-1411015037
-198790871
196411476
-1221036557
1131162142
377240341
-1728593360
-1104720171
-2007074017
161487483
-1246341764
-1221139455
1669964071
-1408643771
-1460805197
1122800659
-1311822993
-649938035
-237507818
591695542
-2096472015
-378362579
496497327
806522457
1476855366
-406006634
-1026256238
222820643
-1192712944
-31642911
-2146461082
1640406308
2045468313
1343314211
-725290973
874937292
391497724
-1647584508
-1081067236
1581799584
1023763459
2014545554
555061055
-805961942
947233809
-1572092590
1818871452
-412322768
1203475266
-863057256
1585121059
1002145321
1659801552
201612056
-2034057551
1135177964
-770132296
639957436
-661246131
-1283422038
374334876
-1102934601
1174085038
-669507554
-79530261
-391326247
1329226752
-1396105726
227613758
1431911717
1170369767
-1341000252
-738100475
-1034230624
-913843517
1186264953
-1943310494
1576072811
1446174517
-1168692462
2029853012
767464979
-582220062
-296408372
412096536
102826536
-998015625
-689524499
-1987274805
2127411980
-950399508
-1694446420
-1661135532
439075596
1378050827
1274147440
1111489664
1350060980
-707965901
-172860611
1173521517
-1074240418
944769625
-610900117
-2071826900
-1652654580
292022607
1438120088
1540000162
-308029321
-2038912696
2135357151
519578798
-1400689561
-947946341
-1136626359
-1019885424
147007301
-503276089
-1055970941
-1132861048
1016368110
-1842757193
-544265519
-962696003
1966148809
775088710
-971363262
-103798688
212153115
-1063559932
-438262235
1219740177
461432729
-344407494
1629987515
1150259073
-307269570
-1913999317
-1488313811
-2036310696
410056542
757409436
-287815232
1337540696
209514491
1755889303
756929094
514643137
-671749289
-580414869
1358719447
486576119
88912842
-1442700810
-1398932287
642844770
-675692331
-1489520859
424548796
-740796523
-1596893066
2136608443
1778967906
-1191839055
774369725
1179404626
-683585315
-508963573
-817779553
1972463775
-934836255
-1897252596
-1134497015
762240250
-2016163364
685185880
-1821010120
158066460
1221141100
-632630222
-1565588665
1807667753
1502000401
1449857823
357125641
-591050255
1716883491
-572331832
676743448
2041926002
1374436102
-795276508
-4137938
-1266115167
81818523
1883486166
-925220430
519854185
-445460743
309188819
-1532626794
798724083
-1482215076
-476623033
-2112716961
-227879384
1029198173
-1286305607
479865989
992990323
-1104954781
-1729117588
-811026436
