1641720127
-1579776019
1559035170
-1248287003
1872254221
955940597
-298146016
-1036652149
2071135241
-1836585008
-1648916095
1642574169
-22380138
-1183123144
653877509
-1509608321
98453229
2040006775
-1296651616
-2057845742
259430501
1965582178
-192394147
-277060320
1982575348
1629304197
94529663
-663218429
-594293259
-20168545
-2019246359
-1021238534
1843983659
-440569776
-2117779265
-2146086667
-339476731
1412872464
2040379980
-635562577
-392551645
631229027
-1710246107
1835077122
2141123864
1236659274
-868219761
768367478
-1669019791
-367280132
-1696762339
1075033626
78756598
207083478
-1795370851
-393459817
-534774225
1477466767
-703725772
-243096703
1317273897
-1686035025
-368249144
411529456
2109448570
1175266113
-1437406307
-1260086961
-717909375
-509425977
-23937726
-633991053
-1087339022
1387717997
-522863442
104761839
-928655215
-2095555198
956051621
-775835739
-1549023427
-116244189
1586969696
-692933216
-1168674769
-1854310344
1965558892
-744544479
-1578687357
731778468
-1322619438
573303031
-746467848
283614136
-1844497545
-1913000685
-1855951629
1919388647
-1867706939
-6323365
