230152139
-1158741415
-883908856
-1076409838
-1523803920
530458273
-602606982
-103144581
1857471732
1117668423
-552605673
-518507862
-777909764
1013391225
-2095913209
2123770465
674147399
-62312906
20306144
-1453068917
-2072451217
-1559946682
856340113
1700029513
-190930961
-2113606039
1619165057
1354042954
-456120091
920543955
436731639
1060890207
-176086504
-381092650
213320636
-1263047859
1538961979
-584452639
1675423230
1853219301
1776329074
-1375527512
1448720246
2081825874
-1269884906
1949379492
-1371088435
281383601
-280033867
1245262782
-809781445
-1978402586
-281316260
-1607716282
1188915569
-1832944211
1888635927
807592745
-1612571975
-2090340625
-1873851720
1480808547
193875290
-2110128298
1033384919
-270203982
-1976257216
-1969731293
-928154342
629090188
1554483164
-1345246658
-394069322
-1923554478
-938187191
659410318
-996650955
-1263448380
-1380825681
278394251
1809918329
1837717687
-1816462868
-2124850160
-1878425600
-1281336058
-392149392
441498485
-832409496
-825252411
235313512
-1251617571
2038981686
-251638852
84792606
-2050553909
-258239534
1908025875
-82654305
244338427
-1762646827
1577179465
-342208355
2082780783
1907058823
-198777494
-1413413481
1566613191
337116835
-545082495
-73841610
895246805
-1613569956
1664862794
1284688634
2044472432
1066375076
-735546836
1335758869
-150789752
978462379
-1272520603
-1133027690
1001200251
-572431451
-739221114
732176842
875796646
1646054608
651179810
7275230
-661144515
671946933
1962810562
-707412791
1213486175
2000094893
283617307
1663421032
-1497867164
-30657626
-793577342
2033406698
-405046663
-926025945
855140767
1374156910
-1253878929
1131580561
458767713
-1751290647
-345389105
-295891802
-2073267919
311554381
-1950257615
217905999
-538561943
-16571673
-1965629747
1483894169
1453958663
-2141340920
-1526553518
1226836992
1488058269
733422823
1997071862
669283568
-894246004
397413829
-398385458
-920075384
-317968271
-2144513198
-2102299041
-1567998304
-671691810
-1152977841
2016317044
599880717
320503372
-1063065740
-1287005647
-1396095965
-1909036464
-949224301
-1394224536
-1167285893
-1267348723
-814535684
-1528259798
-2020996875
-810703383
973862947
-218435935
1221064192
-1151900797
-1122318976
617242909
-1301948648
2078770148
-254391114
-1759292820
-930527600
-1654726156
-584348937
-945282963
975145873
-420988370
1086706853
993029863
560441185
-1875187561
-1213010371
171219094
-340167960
-2087251476
1958039408
-833184377
274894960
-1816220646
1557460114
995828389
-591776340
-611182094
316760631
1744459410
-300346885
-1540469220
-694304997
152686522
2037568749
1238739276
595208258
1367193510
-2145183483
919340980
860595040
168875917
-766003520
1893839289
346444666
-523740624
-845233194
-1712315416
-392965172
119625447
834585279
273080875
1117379821
-2105312778
56870520
-248133065
514037809
431316516
462720646
-1329227448
-1667087026
2017749902
-795943109
1300666640
-941615551
-326414408
-1193633225
-1721194516
1514825074
1545560804
1213684529
-804319144
1218882070
-1910600025
1493212407
-1555700827
905432788
1885112760
1113631411
-563754007
-661664086
1292336394
594207087
-858879690
748928018
524903965
1727661530
762285581
-1258908064
132958865
1270329932
-522621164
1418826093
-731868932
-1862393593
-808838649
-1295600775
870322940
462804671
550569964
-148574899
-2059289457
-213585573
-2084053366
-1143795552
-1656763231
-314695939
-1532021477
-1137096517
-701232410
2077851967
877031488
1245116767
-1871149334
-1042153280
246475060
1604134886
-1020480411
1130747102
-18230204
42193575
-1455458093
2007057348
1139513982
462609055
462683716
1938218662
428251816
599614284
2121584
-1025982901
372147571
-1384592164
-331185906
-218463285
-1614493456
-1570329465
-814175131
-153345638
786022211
-1678022856
678477602
1389998276
-1455057771
1780568690
-231078804
1517082233
362092623
812810097
2140343093
-330269236
131460484
1872860303
-804385325
1015015863
-518992210
1733056745
1398521550
-628726942
-1267214180
-218573246
1672843003
1042614436
-80080725
-173525722
777896137
-2136441143
1095539252
-1871136942
163372250
1319144854
1703759684
1686271059
-251044907
-1740118391
-1649823598
-2068792212
-1361077894
-1492476828
359686317
739526076
670917878
1484656364
417504885
-699889760
-961166728
-1425715474
1404990155
-1404508074
-1545162237
579419778
-678328949
-289890078
746852229
-195300973
-2047881798
-647333068
2020073513
1154683549
-563572484
-1994142070
-1320574743
-140685384
1787258440
1986551315
-54302106
-778890282
1825976286
-992805419
-1553662469
-1610411960
-1649393545
-1067900465
1178734607
981424774
-1593434178
-1760183455
225076138
-113761745
775201279
-2129000212
-644904118
1597850446
1175013149
-829867083
-1023057161
2110798046
641275081
-1725032434
-41445483
8663952
1009672176
1476916151
-1811951752
-377333558
778385781
859747969
791496765
371486195
584413728
2076426548
650640855
2121823213
-580621867
-35660110
-1278824728
1516500707
-901243384
1464640347
219173457
-2059004348
-655873168
-92676429
727110156
2036566286
2069935866
-276430014
-1637736648
1868046927
-1466535424
-1434801989
1391457141
-1216505368
1376398778
-741569440
96326514
1810865556
-24268300
-1506757724
-610785597
-1915654616
-1092433151
1909363985
-1197311753
1878625563
1147716335
-219059348
1471821801
-1335083447
-1014253061
-405203178
1058440022
-1453989389
1860997703
-1066585676
-966991440
767716106
-1536204086
1503344658
-846467535
375354796
1976149383
-1890390460
815420466
-613760530
-1710713599
-1985846770
-1296454724
-2100881700
1343974637
631582597
588385119
273535421
-2097905111
-1072632843
79979330
2064885146
26174956
526572293
-1974536837
-1061466367
-1218869185
-716090855
1246789536
-531021818
392039852
1550151159
-1638143586
1830258826
-445854668
-1916272980
358059464
-1510375745
-276847739
110546352
385904178
-132977685
1310762092
1371906632
-1495602368
-344014485
1204206472
1843439659
-681586823
1704827386
-800730304
-1287906200
-1144142688
350522163
-573923082
-2122881914
-1661696507
-1207366828
-274099844
553120748
-1798282216
-1143017660
1540065478
1080206211
52555070
-1660304170
1828350177
-1654628455
597086183
1425214799
1778029603
358961160
1507215840
1619729445
310238884
1291837079
169130213
728931849
2127536876
-1264107617
1660362874
-1484321753
283176429
928473329
-1060587270
-408121428
-195627469
-1144888585
126999535
-917235320
-1498590631
-1564606440
-893328988
719630964
-73358658
118851169
2064303097
974866230
-735206791
172967777
1462934134
-320572125
1119605641
1769906771
264520609
1567103717
-1932903855
-886436734
297783187
792113534
-2065179582
903789545
905478088
1141158285
774436313
1283577881
734228535
1247840462
-941286452
-737585825
-1161871966
1284760551
77183871
-1807426011
-633389778
-1851174816
-1131434307
1828810392
1652169014
1520138995
1268373156
-262633845
-1656428709
1245941253
-1808928289
-1801054822
1730218975
1542485108
1752703514
-1699838574
-1493926349
-85392237
-1625500494
-1188002032
942228174
548886386
342098604
78939239
-1586876865
-381955998
885259241
187031239
385893765
510302391
-898551401
-991929958
-466268258
847156175
-1208241175
-2103551951
-799708067
-1835462829
358242057
-145043041
-483212160
1299559356
105821005
-1593565467
-542398719
-1639024359
1208775849
1091241807
1105504172
-343694322
1136766308
-1867796708
-1074949391
1599606559
-1018879986
-1971041180
2141276923
525485102
-1073040207
1307035190
150856192
-1059640766
701336902
-157769216
-1573681702
1738230665
-1520276117
-1753554125
1065226455
-1194068065
-870553263
-1903050457
-1647946804
-1126054384
1012469755
2122864443
-381325968
-322814693
594052260
-1672301760
2050343654
154050745
-749126784
-1872304617
-1908249189
1126837725
1802915239
-1327236456
1595880018
-2128460292
-1010657202
-1091111243
-893364868
-1125691698
1235884855
-466859298
-1052057396
770525782
-1580840342
1583240103
2102078987
212822816
-148289755
-254291544
-448214232
-1744688951
1601123344
-917800028
1739328402
-942434108
-1827399500
1840254701
-866460982
-359526566
243271726
2132967942
1337435187
-1217573646
421691167
-1947845238
1778803756
405191570
-133092122
-642416821
-907463072
-982941531
-131228655
1880247229
-1310263972
-2132056322
-199725552
-898985579
1560526689
1025762588
1802509867
1911055277
-1499696005
1534509999
1178894261
1760652586
-1691123246
-1685837733
-2004391039
1290208223
334401087
-1456994117
-925478763
2146073844
577362977
-154187352
1803525149
-1837127742
125793393
-815198534
-647877470
-1373531391
854421268
446627342
158614651
2088501285
1822944368
124222537
1319284611
624830724
-1336372158
-793697059
-107999221
-1801339973
1767288237
-1240006005
-1178106094
-1995755310
-293591915
1937853480
-210424909
-2066292834
990711853
1720625571
1491731934
-189238041
-1594061106
-740407995
-648511414
-917983287
1548946186
-1861014213
1804699050
-1246263073
-1588642303
-1360148143
-480658146
-329832547
-1405320462
-1855952640
225548780
-568964611
81678356
1850748330
-387829137
1783038557
718923942
788780323
1456214607
1786310567
692100165
-1336530829
-736855054
1492931506
-1632753795
-489024807
1159777585
1511369703
-225179231
578462995
43449166
1983885351
545514462
-1795061540
-636134874
-1051468820
1960326542
-1936545610
-1237114206
1297081773
473696713
-422309911
-239178637
-1846491001
-1501074878
-2023405878
-1081897219
-1161673703
-831542449
1018801984
-1934287469
-1916012881
-2014845623
1033741700
980087525
871593377
-1476448490
-1545180889
-1381892170
-1682110467
1607429635
-1035398567
-1899114287
-578099357
1239994070
1616189287
1965555773
-2146096336
1272134691
-61659515
-488045137
-1429028385
-50305570
1737578445
-631694784
-861004629
1730031153
-491652217
-681630881
1978036599
-1570599025
1294108843
958322952
-1230457102
946294793
-919310429
-1298752715
1056554742
448599520
766104916
-213865835
1648169777
-322784934
-903579041
415414395
-2026211322
197570521
-167423325
-1947074024
524171701
575048744
-315649786
220293869
168732600
-1132457960
-66442379
-116241798
53699184
-1430340789
-2008605912
1077403963
-307142911
2048410447
1051188522
1619568852
1210631545
-1142390546
2070607640
-1642597494
-495973065
-1735500093
-880376792
459640565
-644220022
2012257552
1418727021
-1493672461
-1911920488
-1419084081
-1200474024
-1548476960
-2095583616
-1775389690
487914113
1537854211
251061955
69735775
-685409881
86333514
1183603167
961610999
-1904822027
1857203770
1502463292
-584349578
-901469050
-2080430816
2050808652
-1383632801
-1338544085
-98832756
-1352883731
-648208216
1788651115
1895375359
1894748945
-565916019
1831420875
825778403
1998889888
-1446819936
2079738446
-1947122246
-1730980708
-793536988
-2104542914
1693520538
1246048902
-1145694565
-1995360979
-358460712
806184703
1426248350
1204169782
945841155
580206771
-880397076
1586985608
331749908
-401681038
1846307524
828887844
314962659
837624479
414254710
85749989
-498234149
320032717
-1542605001
-1625697343
-1289923343
316864422
-1040438731
1249414733
-812081199
1097571087
-1804834581
2004543366
1222746714
-1334074743
-2129508171
-485206835
1993866572
-2039115302
-1782464602
1373638707
-1664626624
2027049451
-1770311015
-336310537
2130872280
-144460557
883298438
1909709900
-1552295114
754489557
940134166
513285214
-1677153103
1479953351
-1560896392
-1534477417
1268564422
-426698957
1024875125
1476300317
53446220
1434981601
-259017023
615998367
2007715563
-1176063403
355038356
744543057
-2118267186
470845045
162872185
92685364
-613436265
-1316856465
1323335526
561427866
1617207955
-1728209191
77813259
1234111465
-467274194
-1098812903
372690286
-782899810
1628312233
814171398
1023514551
-1223607147
-376364279
-1624336177
444801096
-1472309369
1878755154
1113471259
422731281
-1361522734
-1517461259
-1415626383
1036449569
669364096
341701254
1708692698
448301439
-947655807
1458095793
-296244283
1210658106
-1693204933
1204933230
-503456726
137200574
-1290099132
59573875
-315129872
-1682577304
-324924050
526975978
-2016109165
-1803446691
19586051
88336484
221312769
-1916938345
-449807279
-1674812148
-1080843579
-461336256
-1545989528
1805686047
-1987275929
-1670463165
1797319713
205473691
1268298001
-1194016482
-1163956893
-992497610
-1917097611
813654525
-2136212319
-1592872047
-28911122
-805161468
160936870
-1903148371
519698405
-66544916
-1541351276
1110866334
1647205238
1226070481
-1331338455
-419990147
692424786
1357246537
-425586108
805705122
505417958
1828181688
701420967
362880018
828788668
-97036318
-2047766530
-1144037066
-1324453087
1236979137
1384936736
721358542
-468736248
1037981592
371034260
929633828
-69326546
-131244729
1207500886
1148802436
-128355458
-1408207903
1344311257
1083121899
-242734922
966555515
706076496
-93249027
-1575770295
1280896582
1791406889
-1207254212
-1339070841
1486948576
1855293401
481860215
515277306
-2002529306
2070521310
130844287
940316435
-583176499
1205727745
692679712
-1108256506
-265528335
-1135215140
-698220977
-280068367
-1312604690
-919266149
-666608225
622456899
-1922525649
-1091862522
-378447110
609964891
-885303101
-582377026
-1350354548
1929273967
323774839
2143976646
-1004221438
-905729361
1162499616
-662086843
-817354509
1474009513
-1753357768
195050633
-2119191906
-1147503377
650852267
1828198223
282289622
729438198
-397094669
-479953855
-2024299463
-251022272
-1315278750
158883007
518647208
-1984639043
-826296130
-1759905311
-324322062
759745902
894122770
985153468
1737948114
65457228
-1251471933
509874404
-472858085
-606664601
-641646367
2016691762
-1515039695
67791441
1068483519
1317234375
-15297349
68888764
-1142386748
-469607344
1207262614
344154209
1415720067
1837868939
-332434420
1942668835
67494153
-396961527
715721797
1574623092
20063863
1256477236
549752829
-2084885257
1381576655
1240830611
-264856457
1374540647
1700764434
1969657164
-12096592
616418998
-66281591
989922026
-1004200744
709897081
-2095166109
531250016
774737917
879379074
396997248
903445582
2068695305
367399630
1889007755
55814018
922750446
1945621921
1166987342
-335647296
-749652961
-1342820113
-492585408
477422022
99144001
-578245634
1981750371
1629730697
177685282
-1590277560
1955390796
1716761541
-1918385431
2122870949
-1398367101
1592594356
694417295
429160617
1635969036
-618212068
-1491485810
1879086666
-483610811
-905873777
466291159
666825670
-1651715342
-660854802
1052460552
272323
-1062284650
90749742
730616798
-777229897
1561981700
-1288043170
97595879
-1584060279
-931284428
2103775208
-2145186948
933685112
596235354
-1293051370
673248750
-1029339844
112637492
-1489326376
177327359
-107261590
1648726179
-346533180
-94182764
974492700
51603837
1066896989
-1447725657
-1934660656
-1958449759
1655593111
819471490
-1714281072
-259403701
1435313562
1663618601
761295699
991284136
-1036509754
-256993513
1400120483
-1518954836
-1135722249
1141048621
-1599322753
-943037405
1539897865
-98801945
1208207234
-448020730
-769464674
-604309040
84351300
324458512
-1480796386
1012761655
230772735
-369256305
658787071
1287214627
-1977628811
-112619905
2135878981
1610409347
-250258415
-391641644
1939002700
-1771865686
78947148
284025622
1062965189
924031481
2013972050
-2111433933
1985491966
564736989
-100998428
-969497456
-1344337563
-1905808388
-101443968
-1382687392
-813203122
-2032185686
-329607234
-49683655
79923443
-1919626335
-1356955140
-1341995036
-1641187396
955312369
1770075965
-1949823116
-1932517951
-1347880651
1991539790
565183385
-1274890612
171024647
-1743998166
-618108875
-1412774877
1625196469
1932646303
-692230865
2052200004
2019200820
-917429712
-490423928
-1927314958
2036240212
-2012515011
-1105163349
950340912
1279004725
-503646111
-1964086520
-1801546996
540325881
-1251178982
1865176803
1239950302
1626234810
1116721071
900128360
-215767599
484377534
1227578190
723561987
-252085854
1435173609
923779188
-774562322
-315086936
1092837746
-564672879
-1921214966
-372025069
-2085027111
-617002517
1695734515
1375904120
1611992856
788859586
51157070
-2000364404
-728369384
-818820428
1772797028
1494557743
980667494
-835625886
1693415668
896180908
-188358618
244615508
-1214120636
-1645427393
-472982201
-101912039
-1039450759
1398379223
-139210248
-1171632974
-253273304
942943004
1729485913
-668818128
1991017260
917352882
-1320325515
-1429502820
-1845406535
1780159
-595501712
-1700519402
793388465
-1762720342
-322752516
841941568
-640305098
-430608602
-1241685999
962308316
1487353215
251562862
773293021
-2069413709
-1268481553
-409845807
-1031826952
-1413128776
-858964381
-1661126031
-611928869
-451920531
-1248851253
-1954593977
1274241426
-854447738
1100537339
-1050732183
-2095995472
-764419893
-95648061
262693007
-1096425340
1620453954
450013756
-795057453
1874156425
621475468
2010174308
1455860407
2086368802
-26954865
-955357203
1194506604
-384214906
1055962709
-643656111
1968201041
-663133704
171695923
-1144352470
1944612025
1203684924
842980397
-1869108289
1012656369
-1108537787
958508441
2055875553
-1736192640
2130341938
94392577
505865464
1948782512
716911227
-1806387635
-974983080
-1251438003
-582775193
231236385
-123595048
-1881468500
-2141141567
1517447300
1387904933
-1865593874
-1969135670
-1460891967
-1640794029
-2075465338
-1552957071
-1712006255
-819500492
779807223
-1136552767
-2021730695
-1917300499
333486306
135377818
-496357519
230671942
-649572545
-1417573981
329952198
-439158976
1374192874
341451135
-200835776
-2127227284
331609697
502550846
2002151303
1540235130
1474421452
-1265452523
-411478078
-107888624
1102947901
-1288728751
917197440
355170780
664745015
-1729406839
-502015013
-1048423956
-1599981964
1013523219
1399209434
-1342725828
2101990370
1463277240
214192407
-815146352
819684335
422551979
1936894881
1866291588
-459632122
-1767526474
778459683
-1153790240
-2035960488
-205021003
-1819113659
305274417
-1126604577
2123592264
-60902063
-1890795372
353267615
1056428227
1695837722
1442185428
-143257298
-587988119
-291664615
1471030455
1779145334
-2041714726
-1814394920
-2097096812
1162616506
-605572919
644503698
-2002556375
-18869034
-114926607
-667685093
-1332298837
384011466
-1451945143
-1046787075
-229236707
-1271023240
-1744769674
-431314460
-1713514523
1279316652
663470464
-971351749
-51843941
-841510051
317456840
52965910
-110131420
-1323968462
-1782918599
-1411792814
1433146111
1163272775
-1223635523
1167232506
1635697374
1785070128
692399859
1838821356
158091896
-1730171075
-1062580194
1329854651
1877860765
1257197311
-1283606944
-215714345
1276503178
-844713717
99687463
-1723917589
250455422
-1679129859
-912970010
-1713848442
-987348083
993018047
918942728
1145164540
738171571
1207198987
1547962657
-1699386738
1462083883
-666591698
-601541786
-1130852920
-260717055
2117208845
1358557791
255288618
-1079827226
784057453
-642971174
1725181706
264872771
-738052498
2038249250
1622548152
1366117007
-812118440
1925219697
-115045917
828666853
-1546796903
975435170
1902650
1308661968
488696590
-1139708630
458844502
-726475415
-406251647
1242636360
1579459798
279357348
-2064670094
-241505413
1707878603
1335744485
397986330
1008685108
1047341654
1392473817
-803198548
1616316621
-575415152
-1329402749
-1593105187
-362584135
-1440960087
1341068437
68683686
1916335611
-1683617197
1610990593
1759043144
1903232219
-119343264
1864995790
1788168592
-231332137
1598419369
1364526383
1738462044
600490968
-1585140686
1893159632
-1141405859
-848806747
1902404747
2126283635
-691874787
-1054322276
-984590984
-972320325
318044228
1838268574
1544695764
673103176
-1741324266
1216106059
-1273053775
-536389373
1160615743
1217375855
-1368976444
137341626
2026058450
-287047749
-121572096
-981291026
2018400143
1736560311
939478144
1200282604
-1377435548
552260599
-671227479
712385306
1337354550
2008277388
-428758385
2013194130
2016068064
-154422339
-1904123753
-1675715852
-623866501
1855035639
-1254081698
1265117559
595276256
798631169
73332185
271942209
-2137883798
-382770317
-284851779
179622137
-1226893056
-1703068312
520752417
1268202649
-2133568431
926025330
1423982176
183254920
-2054780319
-798595890
1424345668
567405799
1215440965
1881082072
-1621112736
2136192810
2066690090
1139664832
-1479644740
-2074702869
-1050047845
157281662
846394807
285890810
1849075714
-130065917
-1237438167
-1253683528
-60475793
578960816
-870607929
-1783204956
-101978216
-1556100853
619704267
-1223271114
224969504
612262832
1810395092
404627947
1676796187
-1705525627
1025576714
1065605281
-1181849390
1611617585
-1351094395
650459428
-674971709
-1400171827
1037382383
160576008
-1610033942
241503708
1720007015
99256248
-743123898
-137851016
-2000852312
1603129551
-589623658
1992022478
792849770
-209820762
-85452445
-627351092
-2052787960
458033453
-1074238653
44199960
-2114032286
619481342
-1607141285
1588092227
-779780860
673800879
398365477
-1174872770
-1318931065
-2016196505
1172837746
-610202100
279257655
-949277005
-1174694478
-151896647
179946741
-1744697958
-20501389
496409482
-2057322145
1965125358
1794248231
564349045
1880200749
-833026588
350420265
215382739
1602095325
1352666087
-32679934
-370693805
2083628946
1164218024
-1693825049
-1329925838
-1841560263
1495161721
-1875389562
-978834520
2125075437
835539931
-1779443199
1780049573
-513719908
-1540360363
134560314
1892398268
1685928682
-1242024314
978692689
1832421471
-1072924587
-250485891
-1675426966
-883093939
-265946727
1768903496
1439630771
-696763577
-1911237803
-1593441078
-54470491
-1179680503
2046587630
-1511104302
1475070857
806706808
-1155351374
708241256
-521987523
-1718862057
-801413056
1294753384
-1713456585
-491561537
1491222312
-1881287339
617706442
1991417487
-1272438322
1136431718
1928383400
-711617504
-1343162733
1202011365
1528004775
1748313085
-534845643
1319164089
1616093639
1991409234
2104070262
964781889
-1381138317
1736269026
2022049787
1516716386
119866119
2114633022
-1724982153
880377571
831462290
-2130671053
1206481928
1944911607
531982044
49145988
-413635360
1209722395
1516648362
1978604248
750838824
-467622622
1768133184
-451464971
-1587362016
-275718771
289922086
-982976978
-1381854582
-245516512
-1633729489
516674330
906306632
-526746959
216082102
-1694460282
-1092320444
-1036286398
15004203
1348819372
953074063
-1646727598
1847742413
1335292836
1659788492
-1092001681
2093257912
-1192120294
485343439
-1590682864
1351991074
14302528
-188886912
-1754132831
-1773829151
-623704826
-1061054203
271809502
-237686736
1123116424
-1705012449
-964648093
1178166193
1049197768
572200660
1910069892
1338959541
387873692
-1822497458
25205082
-1320148805
554742761
-313791229
-907127266
-1580403913
560059921
-714232811
-2009906759
704576659
1585123753
-77081350
-737986149
-596605062
-1905783441
-1345906337
-1357610293
1049406035
-1800082821
1046036297
-724622786
-2062329077
978110131
-66132867
1361634925
-1395361001
1301901956
195793954
-1639975391
1967202233
1878805966
-1179708764
252639376
-174941567
-87850977
825033690
-273470803
-751106538
138280995
-822718614
1651373500
-246719690
-1329324453
-1060509844
1360059172
1891062266
-961444083
293131597
-1776563832
958370654
-626462853
188985589
-456970473
-179372288
-1840717225
-1519000020
-1533780701
1847593256
-1845731467
-744133575
1908674800
-1236568824
-1911995710
977523660
-677628466
1777463108
-492198284
1603784477
339424362
-507097933
639415426
-1476093868
-987208864
735474023
91134807
-1426662869
-1738117869
-1353899030
-595682879
-115015983
-286933311
-446213942
-2033887697
-1354036975
-2134485807
-1669627304
-3345125
-127378509
-621184913
-493186900
1668260548
1644696354
499728986
1480379883
2114487329
-226306738
-170592516
685716171
1594770193
-961332269
-361852998
-475508905
-1269978666
2021932122
-298383987
-1855650833
1013842372
877867839
-1768148783
-1683405165
1943021877
-1768590220
-2051780003
-756975520
175412415
-1211398492
-987719213
1390743385
1940107177
550136987
23149880
1734580330
1809272730
1325768932
-2003110458
1603360170
236662674
1846192051
2138502656
2064186592
-1694128610
-1828103419
398699783
-2060690872
2009664199
391271685
2014178092
413522839
-286163253
1231494321
114244549
-297187525
-1788211953
399374525
-1740142524
-1716378650
-794864301
1066765495
-1864017787
-18705331
893728423
-124607381
-125746074
-150099156
1688743197
-987442808
568748700
-1545307250
-1211476289
-1997226109
1735065796
-127047350
-1491643453
334062011
1576620216
-387875376
578385405
46096349
622507812
1753466149
1531835284
-142580599
1503360856
153286443
794628344
1607348789
-227051426
1681256742
-53053933
265265745
-1842528433
-444087429
715203262
348910252
-896156958
-1821354055
-783174026
476251413
2083828805
-991759651
1460731726
1528264005
-186713809
-1704192047
1458045991
-657872644
701535030
-1999860170
562429471
-1307492759
1612619869
1517785442
-1914178233
341081294
-1592418063
219573164
-1567558504
1179888484
1607356052
-1449917978
125634854
-640126341
-145731431
1012339498
-857177963
2073537253
-163880557
8007897
916986572
-1370079340
728021544
-2143505695
778445545
-330824318
-815803094
1054354493
1004774260
665431504
113696999
-1734728767
1486629334
-804964814
-242716224
232396055
1193135371
1587706761
29706744
-1872757244
-582063210
-526658863
-232633650
-1722811408
-1225632587
170445885
1159717580
2079571364
1247269078
-2094037857
776572257
1342360916
1330527561
1666132237
1747269549
-392759584
-1211715786
832344257
536059548
470437462
1021792720
1282675009
2010118710
1758501563
1245311946
-565055297
1775143476
204876043
506558473
-1747641663
681498581
1980386173
-2100748900
1394998020
-1657814798
-1210316534
-172240152
-1271553379
-769613744
-204226256
1426130983
1508350818
246163253
-1097021453
-1121995501
2021330311
-126960579
-42058204
-1027635747
-743564405
1194554221
-1510823451
1256940388
1096849492
-1257245816
1258427243
754436771
-1037468775
-1060578143
-23418363
1630709610
379893887
1174242289
1717581149
-1616271792
-1401595258
-1489823510
741005054
95367655
391253158
1724155787
519168022
513118001
-1221562699
1178446838
1634189180
-1214591661
-16392949
-587355329
609766387
1601666184
1037733479
-1469741690
1680535216
-1297260456
810953748
-829082297
1996386841
1842516232
-1178908601
-1442123793
1944877263
837337172
1387878091
228416435
1751048430
1805096283
1221790687
1854066333
1044486035
-1877191718
1016153438
-2103121177
964665502
19939996
899211808
-1247728500
618813112
927630641
-1807996000
1137458203
39200663
381246685
1988539870
160897741
956846208
-1957034797
1296882055
-1273857062
1896177421
527801763
985017426
507371271
943225392
1606212591
-380855380
999637123
472364919
-1748799899
1058016662
69825011
-2033581935
318197480
766028750
-960728885
-1751692016
1428124432
-707773140
52186591
-1665387409
506499029
-760401585
1066170937
929438807
-285350778
1080050296
146181420
-1716680931
-1036566273
-1984966219
-1583818839
1895319183
-695944422
969564481
-1720035119
-1123707152
2124662629
-1697918678
508618698
376596032
-1435457259
1447510580
461350613
1336167360
721579323
1154597629
77665184
1022227380
-206641867
715664225
594626776
614990698
-584100762
-62076385
-1004387070
2049292667
-1099578071
77580476
632113803
924634704
1129199874
-1598068313
1901178141
1250711783
1927686166
1529578653
-1901944781
312916951
-1157102628
-1048976050
-1517626641
-587276655
-411061995
77557825
-825875158
-1518782744
989342969
363606516
1925063117
897935058
-420359758
-1374241722
1471736414
-768773521
376696333
1570076185
1746751453
-1798057397
1242801262
105562419
-512109359
-1739987489
-1089125115
-51176859
1379447965
1451002461
1443665727
-1944938514
-1883468777
-225650259
-357316994
-1055823328
1984329562
67589554
1173874187
-150126012
-1195394853
-1706294319
-273334197
1864352698
-2054275654
794705074
-963844816
-1086823580
540840794
-1216662456
-1126159374
-374711995
1798513203
-1019052529
-1315562497
1584760932
1917436390
623645076
-1927679696
-161775370
1674967697
-591686854
-2042548420
-2059403077
-1421113500
1519969594
1522202737
-278489689
-2083918220
-323861269
-225338464
-1575663931
-481607218
957118531
560106840
-163682472
-304783921
-718680163
1098924119
-917374909
-1538246477
-147259461
812945725
-1887880278
-2118576277
-238479345
-1466844797
1099259608
-1936475214
584063286
732626346
-368812446
-1225269407
2141581252
1055754935
-1233287027
2125107458
963499846
-630901026
1980318188
-1382529628
-1534826108
-549447300
1536028749
184398829
-1440162298
-1851838902
-635031594
1004194933
1778138585
1425110991
332576362
254567249
693735314
-675654378
-941848240
-450994451
1563836307
-59048287
225601814
-1053720546
543836300
-595435875
-1437165645
862787446
674488388
1843771478
455105771
2103851994
-1413305191
-2095590676
-1394152201
-496282030
1708311749
-541353145
2103547236
-1212410080
153092834
111833415
551769147
-1482479597
637430191
-1342860224
-1151976095
1640509468
-1863540076
-1238539611
-591572416
694549537
331470819
-407871230
-1593200729
-260447983
1432907616
-563135441
-931514898
-490820808
-215258877
-1649263934
2005602142
-308891949
1253336571
-1119891003
1844230351
1210961383
959749110
-754233176
290484369
-1437235379
1796421791
1133369465
223489935
2116707089
-736102040
-1000664495
1403424945
968052733
-1561265271
2141608209
1765100162
1470154352
-687929273
-1316730290
2083462931
1381680243
1887691129
-1006636407
918054430
535426829
-1621994937
-858126173
2142213485
423208150
186124341
37481615
-508990596
-386585143
938834015
1510956361
-2051891107
522007646
-1772595962
1564940806
503398619
-1281506344
818501450
74703532
-1296164894
217057243
1579573561
-1463514237
-1833907682
-848860863
-556909561
457644077
689932257
-1821170643
1473476255
1730941395
-1008895671
739945311
-56612774
-1305703263
1720797345
881618121
768384013
-616132493
1156542215
1694223203
-276355255
-1693787952
-348510385
1703174715
-351555107
-319676394
622013223
446031055
-1987202657
-840996361
1690934907
1523396766
-203448725
-195559133
2064698650
1632920572
-45145492
441523270
1857199769
-2027090394
1507691162
-100770251
-275061641
-1469789035
-596624510
-301226653
1455875714
2036722070
-1056100787
-1654661479
662098296
698011674
1710471674
-1842491674
1001712624
1286891722
-56480531
-1628239661
-115296902
-1068452770
501021358
-2125168421
1227510789
1371551535
1104445929
-36997863
1808593793
1283328522
-1546473796
1594661955
-878904379
-287857594
1336540466
-1270951978
-1746321231
1954460440
45326345
-1464490606
1409061015
-141520347
851627963
1647815721
-1551940394
-1388037800
1062176187
1864318770
701413576
-450317323
1551575039
-1625282973
1058720477
-303336210
-1061820226
1198224383
-663237625
1782520949
-1661739398
1083070093
974487897
1492157138
1221400641
687854026
-1162732566
-708764555
802435631
-1642294560
-9811201
1920666446
-1742524874
495932374
91606120
-1708887716
1943442721
-1105755574
242360106
813488260
-2077547563
2139561310
-103596962
390644643
359827674
1642856176
-852723112
1318894822
995620377
40371213
-1820197366
1989834072
1832225511
478070950
1677024938
-718812740
-1362634175
-405345660
1076256659
38846620
-1835200167
-136837255
-1395989400
-1350380127
-1653505455
-1821513001
-376470657
-505338331
746821445
-1295213018
-1568384389
-2083106042
-1996131953
647516432
-479196870
-1895683139
1483913541
1250905248
647821042
-1158777170
-252354298
-318544469
458442134
-1479054655
443310582
1465098894
1718884221
-863392208
-1940671482
695076889
1070664517
-64950622
-1493367176
-1100168758
-1557851659
1905223289
-545456990
1105271101
1916928865
-729291928
-2119634191
1603399907
-1588030254
1391010375
1992134704
1637529074
2088146405
2086835242
-637098230
-1372389988
-1867409485
687333551
1130703821
1714831746
1915904562
126466455
-904379792
-1694077077
-860365862
81777559
351971543
1423654960
476989323
655956080
414581076
-851736070
1935801517
-1440455107
-327040655
-1552088656
-1969029735
-1590333429
-350500628
-302374998
1872826423
1951306670
-201005822
1500847018
-1398915865
-1456359214
1626063856
-1273351157
1083168676
1100451152
953490614
1778562106
-442206362
-424824126
1849167645
1899851365
2015854536
1087484249
-483262469
-1300718477
534847723
1938277357
1734702517
481582131
-1499729511
1309266261
-1974748922
-1255916841
90671021
2042373880
-1694941699
1004110755
700560049
-1097152348
1875974476
-2127084064
-1438237497
1670080925
94635454
-1832106473
572478925
447570681
-495206903
926830203
560925884
-1048429782
-1524912442
1001755302
-1584628912
1197380316
-1018411844
1089346184
745900013
591170305
781605732
-1644140389
25190849
302381097
761827241
-1571696805
1952848677
553514774
-168264978
-1037030923
829556296
-497633649
-1932649899
-1046221762
-2143832050
-1116108172
-1559763394
-1438728730
-1209281227
-1772839918
71982606
-1571023635
-342225479
409127864
-365556687
-1448311979
322235002
811046794
-546617759
-683955176
924995867
597826452
-556585433
866915164
548528684
211255074
-245779038
1583562212
-384264822
-1371118770
-1665356666
957600714
878655749
-923130151
768612711
834321003
-1670924988
-1584524482
-136813769
-83928671
-1811464987
-417478908
2107576077
-1791590345
158452200
-1113493165
-1745938905
709532569
471174477
1977201354
-864937934
331560651
181089530
2094544783
1740107208
1196487836
-299226142
-1129357657
-1849270471
-1427998438
505296996
94667398
-2044263539
2023355976
734928112
-119163159
-1555723319
-599633906
-407298320
1014829028
-112132495
2052983664
-370436124
-1186413002
-218716338
1004109058
-846662449
408997092
980795249
-603133285
-1142175791
1254599684
-134803081
-1739418552
-729624555
1439544537
1392778765
2084558980
1872501740
-177544416
-458390346
181397413
-1984059078
-2059075671
-1431784245
381794968
-717412336
2120013864
2041129667
307380432
-423705702
1001824332
-692470348
-1013515909
-1185082053
-2130784239
949928218
1582066678
-826628618
-596765870
-1282277674
2033136515
-2006998513
-1237049695
-147468936
321753657
-120806671
224034138
-793983296
-13975749
1842721618
785231093
1436017249
585917484
-647564908
1741429148
-1063978743
1113456098
604402798
-645935107
1760818077
-891480999
1669158347
1627453536
771304137
-1510179351
306972658
1837919995
-26756425
1734091195
1210865894
-1222963835
-1351168227
-1055527559
-886716401
-198477304
922823549
-1793592764
-1310780903
-396783877
871265192
-221324053
1965168411
-1149521777
-506857341
117652824
1446346492
1538237257
-1988948723
1526681933
738312210
1900394448
-451991648
-1892006320
539847691
-351117304
-249146506
270608100
-239671536
-2120515234
1012315758
-1738217735
-1571820249
1897404517
-359387376
-558349404
1495370200
-1701969502
-1934274866
-1268815342
-152738285
-725419101
1633629324
2040437178
-1364488112
1668494934
360057698
-197904942
-1301142793
-812579945
810561952
-975308285
86404355
192314634
-817476590
1957709407
318603489
1395340074
2098907524
-670976366
931941789
1349335458
-531129720
-367232937
-1528453568
89007323
-932634250
1275729198
-1568220301
69848277
673816243
-52059317
742509415
-1043994310
-1375691466
-596930095
316509176
-473507152
-1980882104
-130186177
-1072360688
1939289454
957459338
2143547690
674070857
-911941358
-927389124
-1560381396
-1428950314
-542121552
1627693755
-533781732
898431651
-535552466
1022300491
442238591
-771871815
750303182
-1152013033
-1301940931
2080134375
2145699595
1721943669
757742487
483349150
216175017
-1353595539
1309709656
1959172892
-749236729
1691749499
96850762
-1874335539
1875429303
-2134457452
-336141333
-1003247891
724072784
-1513238682
-404278432
-1659829135
-1950158974
1459124452
435721898
1462620455
816712042
-1192457983
1726625303
1778157852
-549459418
-43197254
1207380730
549270077
-985223252
113554778
-1068186466
-1138495424
-2080095529
2086750457
-870602633
-428182844
1821283522
1481987909
-173653606
2078777782
-815407783
-822425980
1612854126
-1923404809
-1810387156
-2103276327
-675691613
-1135551429
-1008798586
-310154811
-459968669
1652152372
-392287810
1075590128
1967464392
-1734857234
1234331852
440844073
706982285
-306490500
770906654
1032101547
1161741319
835878100
2090557100
-539015262
-1669856427
-160175113
-1139308726
-1538697235
-181116458
-1794728108
-1589498564
2013725988
-314510117
-2073165202
-650002417
-125831205
-86218595
1479378108
2003868838
1648170792
1229930353
-772523313
-1513684590
-185005982
-412331975
1256123834
-1207995225
-908957909
888551453
1438727341
874737099
739965361
41792379
-1381190429
2142722833
-80779984
-401075685
1173816254
-1264954875
-1737021766
-510903641
24028975
1293877833
-1872440262
-444075687
931119195
1361624416
-196417098
-2007607818
-1509888901
-9394231
760850131
-1800680198
-948287485
1942251343
-1554071394
497731604
775356422
-162471265
-1675105399
-678944300
-1902897704
-1239357925
922059186
1735196834
-2063255308
186696173
-629487253
-224430862
-126690528
-1485490851
398303222
265963189
-1105009970
-1643824281
822054032
-1622170094
-74473531
-369390456
-1376354384
760853333
-1297684992
1509812696
-1103379824
-862514649
405107414
-416971427
1950079724
-1520370689
1482752090
-1532683363
-161847543
1701545432
1997908740
2126418548
-1112984072
-902296284
418483600
-411881176
2042765339
1863122944
2078521126
-1569274438
-1673042968
44397736
1273094074
27216766
1283885804
-184662996
-1624605003
-997202195
1089870611
1640864867
1564420052
989285050
-385443802
-2087895776
-248688048
1571215906
1648597396
-724642653
410644031
21568648
-532023180
1695887186
912682042
-1831643584
-1276880438
-219926871
93068094
-1825088854
-1158702840
1902426989
708116695
848817027
1019008728
-1944508633
-995651718
2090023287
-1782632424
32616656
369942322
-732145159
1705992486
-908582712
-621851521
1905641047
-2060461732
-2000375795
-1781948038
-479447032
-274726178
333295272
1895640381
-1483573688
594920082
1531354474
336031105
-1011619610
-1688177553
-212160808
439758471
1123877980
-857151493
2103042915
1134773564
196469536
846602510
-582011684
-634435689
-740515783
-153689893
-1670806234
-1648040122
74598164
-873710800
610812972
1134875272
587623575
-1122911236
-178781931
-1240187044
1027261814
-1666981614
1374313142
-1161394981
-1011266106
986573868
-1820851384
150759138
111990223
1590972721
-864892070
-1696991245
-160102363
-2086583110
838395912
-1038207652
357317881
1621962450
43640941
1031127449
1797697196
431293949
208735829
-615227146
1635247012
-1773349253
1186987575
-1479074696
1510236515
-1904412211
376437345
-555012355
-1749877547
-1619213704
680467829
-250339166
1001544680
-1819959288
1698842643
-1980910492
293370978
-1914306729
1610331607
1244433417
579556334
556493583
307326342
-2052413888
1546575223
1555017836
1288568963
-281339129
1478895544
-2125657018
2143899015
1909635660
-928892653
1991877710
-1526842736
793342167
1802689698
-62205801
-1267885542
-2100127898
1535814796
1558509912
728608652
646483993
1292430745
-1629156113
1992886005
172643856
-1144188921
2048709161
801543159
-1125129390
1887496605
265001664
-350204925
1506054384
1766063361
1997609508
663531462
-108735127
720593478
-1276091266
-1160579102
-1844509360
-1683020599
-338339343
-408364831
-1060308436
-1342756292
1894711842
924062310
467059614
-1496910077
567647226
-453427804
-1557346615
532210622
890987946
2082770708
-1201016851
-1515284442
-1261215505
1773174626
1983175253
302374684
218732439
1434029991
1405162099
2101225471
1172087875
-594699043
304076360
-345749187
-157252755
-2038925681
53606409
-102803412
527364268
238464208
-1291663617
311601690
-771107786
649251181
-428989778
-352955742
-1640463194
4221029
728898617
-838290623
-921640704
-204741735
-223426044
-1559171032
1848215281
-1062435393
1285370267
710106707
1170385242
-697141092
170945490
827735769
801590031
-1008147854
-1507694804
-882484346
425779675
1528293046
610266240
-34580314
-437017145
-1634107898
102615513
-197341149
-990244709
-1974511271
-1252309090
812288466
-1600499291
532104311
-265008142
1633903881
-315049544
1610529708
-173551523
1815988084
888562551
-1832015688
-1734505045
-867850968
-482632749
466320137
624951828
-49973768
2019675857
1633750827
-831638116
240692231
-729219952
-932374145
1734009020
-2129231970
1591802506
1640499242
-1499145918
-461560768
-1536228070
-1563455408
1586424181
2121448186
-1831049923
-520004990
-1480886916
1144165886
-1453117796
2100265588
1127387903
324182386
-1749394999
-598680077
-1413515506
225838469
-1993163063
-711311595
-937664958
549410244
1296741330
-290642511
-1389210847
-1520049750
924210261
444306449
-1004243258
-487130499
-1237928899
759692006
959754177
-1358609833
-1493531783
-2094829445
1091167035
-392865662
937878968
-1917081811
1337859166
-1464305911
563053171
-177383654
1117603315
-1095051893
647041328
2007437081
283335244
-1370167982
1156703747
-1393319703
1397960035
1974188707
1415594584
-758997844
-1267911357
14563159
-1510052368
-1149726827
-1516243802
1453443754
-2031559639
968358368
-280892449
1045092946
-1230839423
91172866
1673475066
-1060493101
710589788
-112813278
409151521
1693043985
230554629
281939143
-1714896576
682200870
1445164274
712972753
360876012
-683426187
1835034955
-678055763
3489920
-1570712321
988972717
-2044764476
1433318793
-1768850443
-327101910
-759891661
-818658205
881575309
1582415764
-2040947519
-455405533
-752766952
2037709051
-1657456371
-1384776009
1857308244
-1673291149
193993479
-129768372
-1018695426
-2101221862
-489149791
-1085636369
1670630827
-1013337000
-3158075
468792438
1789861592
-199941016
-929975671
-717714271
882714943
-973778665
1679018656
-1722150533
-1658252692
-579269172
-1601736173
-1150422010
-779578226
-526127161
-912560335
-2023062762
290823058
186001325
-2038421052
-1247049091
1809588077
-674631869
2027782021
1768816744
-927281223
-1944875142
1961683920
1166976264
1672111235
1502429867
1860302491
916486260
1814603874
-1486325982
2113281700
1935289037
536973260
-483248672
-385043735
581429922
2088890788
95465884
389435229
-207538794
1522840854
240927243
1856172248
-2055696576
1631881383
-413773983
-770911154
-1368047022
-454461817
15004182
647337283
-815427588
1869277737
379734765
1840398206
1593438610
-850134251
-704981199
-816166916
-1939845013
-58650372
-444185279
-344415961
1015044108
566965516
997887311
-572694968
396904070
1929815174
-281980316
820091449
-527704292
918517900
716427174
534156638
-949132504
645429055
-2050894371
-831242540
-412961474
2145214985
-1744003789
-1123377941
103221905
1453020470
-1398378693
-1250113326
453758613
-2002318135
825519412
-1706856048
94477542
1793204877
1082128013
35658299
1390179687
-1987208855
-975604820
-267810973
1980010158
-267826696
1972799722
-2106781746
-1812501857
1799685209
-1022233118
1583858794
-246214314
1262582595
640918763
1314235263
1767872074
-951301029
1038855906
-431731933
-1708569682
1736686025
-2106370260
-1749426445
-595572710
-1713116920
1708344314
-132639489
-1028119958
-622281987
-1822525745
-722559482
-246609946
-420703925
-607794882
923753698
1329696931
589141221
-1419775496
-1955978939
190510632
-2006429212
1467897350
-1495475803
-308834221
-1588609895
1315383890
1266708596
731233405
-1164446746
940681579
-1177958252
694129372
-282438455
1414095240
-514224886
-2005791191
-1091652807
430563021
466405361
-618886782
-4273099
137639373
1519088816
-1665156975
475415833
1314140751
649167215
1849785836
1081265202
-800903595
1124201414
1803371454
-1736626539
605214041
-1566890825
13548199
-1756530900
2022332377
1730037726
1632576225
53046033
916771606
-714362394
1832616867
-1388447970
-1792544489
2084082239
-293833527
1372152516
-1481243404
-354806771
-441557324
1815436315
-1892735152
1273829987
-1366076306
1455239483
-60221658
1849756592
-440013806
-97662263
-662838583
1642029177
-1256801942
-1793967148
-1955750619
-428807864
-428585255
-1015481631
1926210378
-958595100
1624762491
1319835716
-619432405
-1559357503
1840194954
1475347889
1855941794
126509497
-371362813
-267533550
185778614
1917220604
-906620279
-136412006
1185596192
-1610399931
-1208365944
1783768601
1776985099
1156023886
133289116
-1362952303
86489116
-384240506
1920164148
-521474294
-1574757711
-1105240320
1991110514
-1019303006
-268433812
-820469075
-1553969067
1312994791
2143920370
1265794765
1563354138
349075816
295911151
-314367326
-1147688994
1734833033
720004189
-1464835481
1516697992
-1188596841
1413612806
610322303
1046099429
339626012
-671954617
-1561268239
1187747091
-867144333
226777877
1713041684
-569054941
1190760862
1529872197
-2065387130
1426924282
-271384234
-921895161
973434466
1574879607
-624209309
-1059347021
-704520271
-1649176870
1721622318
-665069880
1954656288
496259171
1728964499
124289072
-44549133
933317689
343042812
-1360958264
-1293563078
1353894285
-1587736661
1577138976
-401228991
2109665023
-386421930
1498774654
1938901836
39101248
-27705096
-714391511
184942723
676418552
1741457381
1872924387
198825259
854705897
-1106292705
1170184886
-174676202
1857837395
271800296
-1191663885
1358535004
-1899671142
1983800984
1202449527
875191627
2092181286
1613807792
1507393072
-2073454949
1979376778
2046183726
-2077396513
1858391782
606013415
272098338
-869478113
-145642410
1376093586
860352129
1240995493
-2007408737
-618016524
-306323656
297352136
-470254288
2109870001
-1593678460
1274780227
38188452
-1001334004
1817090176
-1987959238
794632574
1481061258
-1347023873
-1464286086
248058902
-1268806956
-1644372325
-1863433979
543467981
1954875361
309859597
-564614708
-1938979449
-391616172
-985147713
-1581379138
-1656393382
974531106
-1793040481
465043457
-1680877950
1710738551
466598710
-299364482
723140760
-1243320614
-1627677448
1926791843
-1607639037
-956100722
-1166808611
-1800679581
-1094238290
-880598469
-1037318352
-848664703
1117168123
-1755948082
-927710554
1701724430
1771747574
1918949533
-1053759567
677372720
2127146446
906166477
980407830
-617546972
257141632
741527287
1767124413
-2017673851
-671129388
-1584374519
1817895879
1513527245
-1636291187
1815862122
-34646811
1209267740
-1825214757
2096191073
-523884313
-5889736
-1222271212
961605047
-1245029485
-278562603
1002388643
327180954
932282040
1279233557
1204071488
-289595453
-116815486
1666048593
-970487199
541335515
1029949710
-1116516839
1783308271
-1570286054
-1553611200
1991922809
1554837053
-1560380111
-1753074476
-131144066
-1208646091
1624993898
-1951842381
361913080
1071849171
466121484
585156231
-2131714432
1554161367
572066307
-156606319
-251011140
759369142
473713600
-1773782855
485768161
1849335761
340380254
1765742310
1938632569
1823724008
997227525
1486695055
-527773851
1875658705
-1681832557
-2115868014
-277279195
-44670364
541395832
-976445884
-1628466857
1934213305
837315809
537289672
1880152957
1495146645
-2084205288
1303496612
-399782397
1004064
519474986
608977297
1348781951
-301976868
-1012815927
-233493870
31187514
-1080171566
-459675276
-2112028601
-1072032018
-1161580787
-620876076
-1447753342
1340557265
-181186484
301057897
811347994
-1438156846
1958515954
1579207269
398402559
1920840225
-265648319
595342295
-1003545714
114779637
989567175
1673015308
-665598681
-152356215
-62029801
64567602
638729723
2065866598
582794684
482536253
1542201898
-652895000
-830276502
-1132088819
-558429684
1387571450
-669073289
978761168
-323090226
1001686051
260184713
-403723867
-295436223
1164731078
627921295
650797185
41344494
-1382619483
1903540212
-2138682282
-19851923
879406246
1921523730
-2046538895
2045242358
176648922
-1330011164
-1163433949
79325496
58792634
892384256
1726967459
-1619132055
-2036200525
-82075197
-1316192974
329469086
-116213277
-632743731
240710272
1017012059
-1154722523
2085239727
-778478002
998479982
-1701256117
-414361629
1236818004
21166072
-1673310039
962290940
346972516
-984001589
-801233446
-225328355
-962317618
-1267729157
384829886
-124457809
1465917446
148417199
910241985
-1743777970
32861828
-1889747401
-1217047965
-1377779709
1211549675
1655977059
-418258445
-1077068104
-2413971
141154322
535334813
-946406168
-1269367955
-2009626103
-1252371033
1646418837
610345061
473870853
1197970935
-1031285633
1060520457
-1842467566
-1050276904
1970406034
841653676
-727167715
1920833021
-1620099681
-448984861
-1638875704
-1852236603
-669729457
-1419506841
1712546429
-1786177344
792491859
58209087
-743276091
1508474225
-662295328
-1892874466
-1111764518
1513426005
-1361618086
12335881
-337036678
-359902172
1964835919
-1275262148
-1007984643
1364648022
-699563866
517726542
535382954
-766944024
-1948789993
-842750061
-421411515
-222055841
1385246174
1825861313
2094019052
-1658429940
-100098134
-2066921003
-1136653278
-319911278
-1674306597
1292993591
840386860
-1134777179
451498477
-526805476
-1475264613
-295589868
1086851118
-2060813525
1609098026
-1865760504
727903671
-1337438366
-2117441079
-2090541683
-3205223
1455117883
1234284025
1163123538
-661545643
-2009346038
551281242
-631046740
-1889138542
-1287962200
-1790416254
-1562396704
-1513124855
1661473365
-1817318129
1105221537
2014459331
921871322
1875243775
-873704489
-430927738
-236369682
-2061326274
-82558047
979200140
963821018
-9989760
-639385187
-1114069130
793053023
-34124976
-1938309274
-601261184
-332342313
-1881823639
-1431827106
-111723020
-738723175
1084142916
400235180
249941219
841422242
1147707122
-922275448
-1636742125
-428723856
-143701205
1473557429
1527808307
-1784897743
-322552922
1057561423
-1304150187
-1193020131
1312695978
-795163706
548246940
-2089309921
-864999708
1296678698
543929652
1375547834
-641624965
1889156008
-945962366
-1111830230
-1018897567
1993424212
-1668020836
1778478793
1616175852
1432137768
771698171
-921689420
1243077284
219944524
119774575
-600680530
-1325957026
-1450223977
1040313938
-209475772
603861897
1816489813
717564160
-1429023696
-1230935609
-1724051126
-1747297146
1959757570
2045139135
1669687031
-1608741224
2051322108
-549000911
697142299
1740322504
316389694
1401571146
-629835396
1144043765
-1241327582
-1088052167
1503357158
-754871551
-1487715095
99548417
-1613957773
-179031610
1752832406
-1842021744
1379105805
-486760119
-579792614
1022115601
1921482801
966167600
755139504
-556551043
-1836115723
1996177009
-2124003958
-1166626696
-1029199285
151560012
-1988408403
101515610
-128225657
-1836493190
-990102760
-1012516725
1527223326
895324326
1800095275
-15809005
966783920
1342641948
-279708601
2024978800
568959559
-810373440
2043146161
-726975574
-413801503
-620498368
132470203
39917221
1648050731
2089294733
1850017061
-1124082251
1472383887
419917958
790591168
-1801811081
-1682194832
-583776522
-1471239084
-862213922
-404216652
313643968
-2125651517
-1020767860
-1401347198
358365528
-1026544531
1472112994
-610663604
-1033991819
-1835111210
-1966237862
1112880143
-96817660
86587014
227334547
-1005661735
-1464701601
-847637968
-1103509843
-410751605
-1463812674
695451158
-1169272746
-1124459040
1790958573
1048072363
999103269
-1455874899
383047999
394027385
1729544102
8680554
-928344894
-1549181883
1818855605
1273790960
-1287007309
-500211088
1047413519
1253199492
1861578036
-418816353
399110693
1022887443
1329446204
-1954795874
919961139
1158417855
2145637070
-2042361983
2048503697
-177176934
1527041389
-789481460
88017737
-1147598672
899227086
-869683884
-314153751
1316323914
-136667697
-1986798171
1121466777
-1400920207
-1461734488
712506790
667297903
1533463985
2129196127
-340712517
45816833
1541181470
-1681786495
1960328618
1053555003
-1162758244
-445817330
1739717760
1298392947
1973609306
576657076
943004341
623150522
-232213090
-720922304
-1557372786
419668341
-275281721
665159505
-339080510
1433748011
1477898384
1719324750
-2051508384
1594498719
-843478127
383614617
1133395183
-1277702367
1048701195
745251844
927600598
-528396000
598312676
1714231683
2111642110
2014031876
-1840567312
-1562048989
1712367797
68413242
-1377688975
1501585723
545150165
515395984
-467396895
665707488
673188133
-103204414
634625774
410983837
997165822
-176594861
-578442043
1455005795
1399023921
-96433503
70546067
494565310
-233736920
-760254669
2015263304
87908169
882715210
112563029
-1122437731
377252964
-1113938012
-280039961
-362247592
489955107
611655621
198730608
-1583079730
-1931276663
-1779309848
-1507364999
542730921
1247519733
-1747490984
-1503490280
2070106091
187800028
-263064560
291324106
-1017233358
-1057738312
-282734175
353611142
-1515769283
67196223
1297687896
470765326
1226173358
1707939544
1979570847
322905991
-513039599
1882998090
-496615773
-1553768884
1014709788
1181222582
-1147850185
1893029374
1621143608
-167006521
-1000008201
-1351446561
-110019264
-1623374809
-1443965776
1040314464
-1914264441
1831102772
-596856833
-1580189449
1591965727
-1519739917
-2006273225
1236912950
-435215272
-1067777724
-657395576
1956972825
-1880331385
-396939433
1685187676
-2083395937
-789227000
2141825886
1065999108
-895975269
-1196165499
1729498755
826381459
-1938174773
-947965321
-250477028
-1055759606
-1660766423
-268968212
1687266077
1310068405
1546862721
1020897675
302296270
-316617517
-887066045
-1167039019
-1664488771
137950332
2023832474
-1321064787
-969369099
1960484287
-1438413892
1770187801
-1129348753
481529610
-1681375869
216983882
1679579592
946216142
-63330243
-1963677991
-446333900
866639715
211413439
-504855213
-364180302
2012963624
1583562176
-477142025
-1829497983
-846055698
686159459
2078699453
1823422929
-1562968938
1496640021
-85303654
1974869438
552951800
-905287015
-1249862910
-1287818887
1756370950
-1256384160
315171758
-1391765049
-181184976
1056779549
1648894879
-1754218577
-460044278
-1626866535
-2134735263
1494845807
-1651208404
-1886854461
-1114043244
1760751279
-229977254
1945882634
-987650904
-1465492487
-708848925
-1646846737
-1237906457
-2061854361
27366733
-1064865323
1714617272
1599350941
1730454578
-2069768165
520578849
1479085561
88436324
503138412
-1955623795
1338734857
756693335
1101417045
-981868593
846331965
1829258432
481589527
-1875373978
1822122973
1135936633
1429406142
779268098
-1227420612
1974899879
1472884337
1242709318
-505759954
-342569954
-2132061428
1120376528
725682358
2061406467
605990635
-1969612171
550761220
-215133262
958011400
-2069760816
-1627313763
1630196706
159581000
2040095998
-431615013
1145803783
-1389511151
2136471714
-1371278696
-1573740809
1515842847
-1074330577
184823078
-1965456432
-2059950952
59693925
-1526728319
-52319209
-887263907
544247323
1576915911
-937267164
-1819751518
1773677887
-418744089
1339657662
-527951168
122674203
-570795879
203023617
-1027222967
-2059652647
-834948467
-1385259128
1750763613
-829509815
1754321639
2087134663
2047624507
719539424
-1563614743
1260553912
-168362982
-266705661
1529281265
1194800569
-1979499207
760249989
-312770906
-2000797004
-1991412427
606714734
-1308568466
504852608
1995525529
2057236478
624332578
-311571066
466748091
1977001457
-391436027
1532670631
-1657683259
-1770745853
-1461138703
-1551938467
-864589295
-1402064458
1045091026
46862880
1050882234
68927313
35704152
-1381511158
-924312209
69761580
127588072
1688872637
15290762
1417022763
-1318676525
-890264188
-545815967
356167047
1738756041
1212277432
-979618854
1943667668
558277775
-1062717852
-628783036
-193650370
527640560
696777515
247380325
-2077358826
-337852176
-1945274007
1666092751
215971469
610706503
1133895833
1393976695
131217086
1357441037
-814419210
794926215
-301674767
1405402801
-671660188
-1086424206
1647017757
-1781041873
-1456716401
-1456020151
1323438254
-373469055
1628520532
-510628531
-1159622263
208127574
74011232
429957316
-777503924
1494355201
606331158
-1472488944
555879130
-1478871372
1592650166
-1794100996
-1463497706
-1074508819
-441942854
-366584743
1685757421
1540364591
-264172669
-1796630327
434254490
2111939573
1494117429
1819437274
