151188169
-1541202496
-520832885
-573918274
1432484925
595749144
186622753
1784622472
-2094845881
-1016017018
173962960
1001609206
-1393670377
277778707
-1350623376
-1741334515
2069691736
-1717929934
-2091369903
1442455463
450918329
-281685779
-1186853026
-1387931186
647682728
26484577
-1144817537
2118010956
835983968
-708097684
-283419841
65857154
-560117978
646981540
-994731857
180348280
-1348085298
1618391434
-1574660215
202790197
-1585789820
-141805313
1277611159
743771985
-1130411064
1989503222
-53353131
-87607608
711715770
-157222038
1903392981
57041168
1386204567
859527826
-1689165086
533970028
1532334467
-341925549
611462504
-275986558
1221881992
654159606
959982610
-1124372949
1791163102
-1463795174
1998597685
782933898
-1060047252
74534636
446622444
-1494896289
1312956814
1602225300
-2010739837
-509991779
-1172578791
-871942670
-1190135784
-843538631
626264219
-86632055
1924778623
1976250180
1635745766
-1221552965
652807014
138685243
-43835185
-1821604298
-23716423
1147814813
1236417075
1978975150
-1911391161
570137022
594656570
1502723788
-1592119899
-253038629
455585247
-849148571
690885202
959923821
1551013807
1072959727
-1094553316
-1307608382
1897728720
1217009968
413099457
-260523320
-914528956
1232068151
42407384
969400875
-1976406929
2027920784
2131742705
-760539997
-246318378
-1686460750
249460987
1635920262
723732009
910246588
1666182118
-1885750108
1691910531
1576330080
-1033490552
432404563
-1838161937
1777978655
-273111356
1662479560
-1197786322
7123126
-931881239
1563789480
-1542856010
863234007
-915546025
244287198
425350910
-1273280228
873801064
273540526
-2074741512
-1601910984
1680120716
1241234186
-1774365217
-920170641
1915802293
-931104220
-1307285710
-965174457
1766768374
1987575364
1464434431
620095872
-169496474
1853877979
1325592676
-1001729472
-2083625654
-1443966761
1527964754
915712658
-1605461390
-1864738504
-1354138988
431237905
596819427
-526920478
47806223
-1517924896
188590006
87734709
2013527883
-906455076
381713727
1044559066
-1467732943
1987854613
-1934941584
669764191
-1921289194
-190910343
675798399
-827827706
-1238617864
-2000224559
-19197753
-1569317543
-773863674
-377719567
1309290219
557609730
992620389
512178475
393956672
594774872
1033169713
1086201860
1391523948
1916357181
-958946623
-1729506262
1581002570
-621678042
711259439
718916004
1402513425
-807408518
1702247446
-1325879221
-1582971980
-536919264
-1020704867
-7267976
-697248886
-802775213
-135309644
1019888894
522949937
-583474760
1773981597
242239834
-1032582992
-128997455
-1017283410
1706793
1908475099
-2089266701
-1924574892
-697124902
-103207429
-316514219
26344283
512997283
-1066388819
1257715435
-616446869
364333752
-396332278
-541024173
1879607253
-2057615942
-1800047096
-58416818
-308559729
-1787911827
-417476321
1884451218
1459286909
144429486
916547119
1436921309
-1726350862
829233059
-236774496
1828853581
1183248501
19350323
1795388107
-608472082
-960901689
1577752504
-861167464
1761764500
-736631260
-311375885
-165737369
-1685568533
1402330825
1513766208
1638619443
614032076
-158935626
-127132150
1403870452
598619601
-892354123
1325647744
-756831675
610879531
1000492698
1343991432
-1423077305
-2113861710
-313345589
-657925132
1952429252
-1552826819
-166694142
-455641101
633711766
1824869427
-478050991
-637527863
-1501940150
1082357858
-1363342234
-2120824638
1899363071
171370767
-1524549104
38795107
1372518804
1696602701
-1723486207
751225315
1772158978
-101653102
-1676463659
674463449
-1732651259
1761635974
-2028604590
1752684854
-1708522495
1561364766
-961542415
1855112820
746931492
-491066135
-651841379
938193935
-2102645817
-1691498071
-1495949126
855197748
-1767212775
1799655717
1015765864
-942771784
1460412670
-1954346435
452612104
-330038453
-1329260748
1464205630
-1839962882
899960300
988170935
2061379959
-690553928
1969319583
2015130471
-1904278516
1062580463
976634718
-761555481
1077207049
-1854251731
-1187169460
1675911623
-1229830214
1155930510
1778873904
1627311588
855011129
651644106
1538385696
1737987854
1557362759
-273349518
1444769404
-1893432084
1601478495
-618652039
-1036378338
-720529124
-1536055800
-1641085195
379921103
1779928222
-956428693
-1501491673
-707005956
1680752497
1251474468
472029880
-1338060120
410254974
-763113892
-267666363
-246951260
-1067138123
1990117143
1435951645
1408938238
1210766453
1608799178
1726331465
-1310365001
506749489
-391722192
-1358529332
-1320132937
1525682512
-80366499
-1190385877
-843563771
-2054124973
-1833374958
628124719
1889219890
-434800324
-425118381
-1086432280
-1555687402
-1344626898
-1899749833
1961953269
1944412350
819190352
-1931335170
1440851971
-202811228
-1834530825
-1326205080
-388693357
-1425290464
-96148220
-623238588
-2098192897
473496607
-223522679
-1424491706
609779134
528799250
-158362446
-945002211
-1186697242
695239464
-1535108638
-753203515
662974194
1532224958
554248220
31642393
30727109
1577165846
1928829604
599524779
265982958
1978907463
927771109
1394466008
-1817237459
314166644
-43520107
-66406122
-1731774666
-515793088
1871382806
-869131889
-339234636
1696954496
1107983391
2002603507
738329744
-2018288590
-1030372965
890565002
-974290318
-820294738
-214263087
-189103224
1717087623
-329119461
-261745468
-1926057820
1886750853
-1768354524
677895644
-1980620310
1368399339
-994860054
-1138568763
-1576540976
-730937203
6055227
1977606038
-1411530616
944767055
-223511548
-1159287242
-484963180
879865648
1390506244
-120478981
1250155678
-448114038
-566661950
1992896147
-1550084727
